VPSSDK Version : 0.9.0

Enter Tracking thread

Enter Tracking thread

Enter Tracking thread

Enter Tracking thread

Enter Tracking thread

deviceName : HD Webcam, deviceModel : 

Enter Tracking thread

VPSFusionLogic::_initialize

Find Image

0.23660725,0.19239685,0.95236576,0,-0.012778439,0.9807295,-0.1949522,0,-0.9715214,0.033957366,0.23450623,0,3.8235714,-10.848518,9.081753,1

Enter Tracking thread

VPSFusionLogic::_initialize

Find Image

0.23690642,0.19265196,0.9522398,0,-0.0105717955,0.9805952,-0.19575852,0,-0.971475,0.036309578,0.23434597,0,3.7955766,-10.869458,8.950114,1

Enter Tracking thread

VPSFusionLogic::_initialize

Find Image

0.2394651,0.19137773,0.9518567,0,-0.011475555,0.98087025,-0.19432415,0,-0.9708372,0.035610776,0.23708037,0,3.8006346,-10.856362,9.061142,1

Enter Tracking thread

VPSFusionLogic::_initialize

Find Image

0.2393423,0.19547223,0.95105517,0,-0.014513936,0.9801356,-0.19779661,0,-0.9708268,0.03353755,0.237425,0,3.8209026,-10.855192,9.007799,1

Enter Tracking thread

VPSFusionLogic::_initialize

Find Image

0.23495099,0.19277798,0.95269865,0,-0.006388662,0.9804205,-0.19681191,0,-0.9719863,0.04015469,0.23158234,0,3.7626843,-10.857391,9.072657,1

Enter Tracking thread

VPSFusionLogic::_initialize

Find Image

0.2383393,0.19164833,0.9520848,0,-0.012019481,0.98084307,-0.19442832,0,-0.9711076,0.03489636,0.23607697,0,3.8084848,-10.844216,9.088598,1

Enter Tracking thread

VPSFusionLogic::_initialize

Find Image

0.2394651,0.19137773,0.9518567,0,-0.011475555,0.98087025,-0.19432415,0,-0.9708372,0.035610776,0.23708037,0,3.8006346,-10.856362,9.061142,1

Enter Tracking thread

VPSFusionLogic::_initialize

Find Image

0.23886883,0.1917823,0.95192504,0,-0.012665382,0.9808349,-0.19442856,0,-0.97096926,0.034386434,0.23671989,0,3.8067644,-10.856075,9.081096,1

Enter Tracking thread

VPSFusionLogic::_initialize

Find Image

0.23762691,0.19281597,0.952027,0,-0.010450933,0.9805513,-0.19598448,0,-0.9713003,0.036621623,0.23502049,0,3.7905617,-10.860593,9.129004,1

Enter Tracking thread

VPSFusionLogic::_initialize

Find Image

0.2394651,0.19137773,0.9518567,0,-0.011475555,0.98087025,-0.19432415,0,-0.9708372,0.035610776,0.23708037,0,3.8006346,-10.856362,9.061142,1

Enter Tracking thread

VPSFusionLogic::_initialize

Find Image

0.2394651,0.19137773,0.9518567,0,-0.011475555,0.98087025,-0.19432415,0,-0.9708372,0.035610776,0.23708037,0,3.8006346,-10.856362,9.061142,1

Enter Tracking thread

VPSFusionLogic::_initialize

Find Image

0.2394651,0.19137773,0.9518567,0,-0.011475555,0.98087025,-0.19432415,0,-0.9708372,0.035610776,0.23708037,0,3.8006346,-10.856362,9.061142,1

Enter Tracking thread

VPSFusionLogic::_initialize

Find Image

0.2394651,0.19137773,0.9518567,0,-0.011475555,0.98087025,-0.19432415,0,-0.9708372,0.035610776,0.23708037,0,3.8006346,-10.856362,9.061142,1

Enter Tracking thread

VPSFusionLogic::_initialize

Find Image

0.23886883,0.1917823,0.95192504,0,-0.012665382,0.9808349,-0.19442856,0,-0.97096926,0.034386434,0.23671989,0,3.8067644,-10.856075,9.081096,1

Enter Tracking thread

VPSFusionLogic::_initialize

Find Image

0.23997681,0.19081038,0.95184165,0,-0.009425395,0.98090476,-0.19426018,0,-0.97073287,0.037646458,0.23719285,0,3.7801623,-10.860276,9.055394,1

Find Image

0.19330887,0.18794826,0.9629679,0,-0.027527567,0.9821332,-0.18616292,0,-0.98075175,0.009478786,0.19502883,0,3.6484158,-10.569939,9.182396,1

Enter Tracking thread

VPSFusionLogic::_initialize

Find Image

0.2398242,0.19042829,0.9519566,0,-0.009054557,0.9809694,-0.19395089,0,-0.9707741,0.037894573,0.23698446,0,3.774194,-10.859189,9.122004,1

Enter Tracking thread

VPSFusionLogic::_initialize

Find Image

0.23738043,0.1896482,0.9527246,0,-0.009653651,0.98116994,-0.1929052,0,-0.97136885,0.036594655,0.23474133,0,3.7912526,-10.854513,9.045207,1

Enter Tracking thread

VPSFusionLogic::_initialize

Find Image

0.23999894,0.19357438,0.95127785,0,-0.011722831,0.98042417,-0.19654778,0,-0.97070235,0.03601959,0.23757,0,3.7724411,-10.867757,8.997294,1

Find Image

0.15496266,0.11754741,0.9809023,0,-0.013978358,0.9930576,-0.11679576,0,-0.98782146,0.004387585,0.15552996,0,3.2308033,-11.4904785,8.512121,1

Enter Tracking thread

VPSFusionLogic::_initialize

Find Image

0.23884101,0.19211878,0.9518641,0,-0.010228477,0.9806767,-0.19536763,0,-0.97100484,0.03692568,0.2361909,0,3.7792637,-10.856019,9.034388,1

Enter Tracking thread

VPSFusionLogic::_initialize

Find Image

0.23812449,0.19350883,0.9517621,0,-0.014103061,0.98053634,-0.19583061,0,-0.9711323,0.033209313,0.23621878,0,3.8177378,-10.856043,9.043405,1

Enter Tracking thread

VPSFusionLogic::_initialize

Find Image

0.23647675,0.1938715,0.9520991,0,-0.00830914,0.98025924,-0.19754186,0,-0.9716016,0.038802933,0.23341942,0,3.7819088,-10.848778,9.108906,1

Find Image

0.13657238,0.14384693,0.9801307,0,-0.008614629,0.9895363,-0.14402696,0,-0.99059266,0.011226648,0.1363825,0,2.9955974,-11.218977,8.896818,1

Find Image

0.24267839,0.18354742,0.9525847,0,-0.010905737,0.9823921,-0.1865125,0,-0.9700455,0.034873918,0.24040703,0,3.8205078,-10.958774,8.992221,1

Enter Tracking thread

VPSFusionLogic::_initialize

Find Image

0.23588486,0.19334826,0.9523522,0,-0.011957535,0.98051035,-0.19610325,0,-0.97170746,0.034870006,0.23359951,0,3.8160293,-10.852133,9.086491,1

Enter Tracking thread

VPSFusionLogic::_initialize

Find Image

0.2394651,0.19137773,0.9518567,0,-0.011475555,0.98087025,-0.19432415,0,-0.9708372,0.035610776,0.23708037,0,3.8006346,-10.856362,9.061142,1

Enter Tracking thread

VPSFusionLogic::_initialize

Find Image

0.2394651,0.19137773,0.9518567,0,-0.011475555,0.98087025,-0.19432415,0,-0.9708372,0.035610776,0.23708037,0,3.8006346,-10.856362,9.061142,1

Enter Tracking thread

VPSFusionLogic::_initialize

Find Image

0.23886883,0.1917823,0.95192504,0,-0.012665382,0.9808349,-0.19442856,0,-0.97096926,0.034386434,0.23671989,0,3.8067644,-10.856075,9.081096,1

Find Image

0.24088646,0.18213826,0.9533097,0,-0.011647943,0.982705,-0.18481125,0,-0.9704834,0.033414435,0.23884186,0,3.8335977,-10.950595,8.947579,1

Find Image

0.13579594,0.14140838,0.98059326,0,-0.007623803,0.98988146,-0.14169203,0,-0.9907075,0.011765354,0.13549994,0,2.9998703,-11.21192,8.825936,1

Find Image

0.24173814,0.18222965,0.95307666,0,-0.009644507,0.9826101,-0.18543027,0,-0.97029364,0.035633627,0.23929186,0,3.8056128,-10.9557,8.92899,1

Enter Tracking thread

VPSFusionLogic::_initialize

Find Image

0.23898514,0.19185777,0.9518807,0,-0.016042095,0.9809325,-0.19368574,0,-0.97089076,0.031017866,0.23750608,0,3.8332894,-10.83155,9.021685,1

Enter Tracking thread

VPSFusionLogic::_initialize

Find Image

0.2359801,0.18958321,0.95308536,0,0.0004995166,0.98076093,-0.195212,0,-0.97175777,0.046542235,0.23134536,0,3.6591394,-10.870051,8.995638,1

Enter Tracking thread

VPSFusionLogic::_initialize

Find Image

0.2394651,0.19137773,0.9518567,0,-0.011475555,0.98087025,-0.19432415,0,-0.9708372,0.035610776,0.23708037,0,3.8006346,-10.856362,9.061142,1

Enter Tracking thread

VPSFusionLogic::_initialize

Find Image

0.06502593,0.08565831,0.9942004,0,-0.026043454,0.99611527,-0.084119916,0,-0.9975437,-0.020422429,0.06700417,0,2.6666968,-11.7414255,8.426504,1

Enter Tracking thread

VPSFusionLogic::_initialize

Find Image

0.0592968,0.06876469,0.9958692,0,-0.018715743,0.99752575,-0.06776469,0,-0.998065,-0.014620195,0.060437072,0,2.6104343,-11.900238,8.23577,1

Enter Tracking thread

VPSFusionLogic::_initialize

Find Image

0.06650194,0.02399958,0.9974977,0,-0.010190356,0.9996749,-0.023372585,0,-0.9977343,-0.008610532,0.06672488,0,2.5263755,-12.224427,7.623828,1

Enter Tracking thread

VPSFusionLogic::_initialize

Find Image

0.11298467,0.16300261,0.980135,0,-0.022978757,0.9866163,-0.16143164,0,-0.993331,-0.004282979,0.11521812,0,3.0218294,-11.09561,9.200383,1

Enter Tracking thread

VPSFusionLogic::_initialize

Find Image

0.064499825,0.08814311,0.9940174,0,-0.022281975,0.9959704,-0.086870454,0,-0.997669,-0.016545538,0.066203915,0,2.6177948,-11.755394,8.453705,1

Enter Tracking thread

VPSFusionLogic::_initialize

Find Image

0.06445127,0.048859686,0.99672407,0,-0.016747754,0.99871296,-0.04787422,0,-0.9977803,-0.013607333,0.065186605,0,2.604515,-12.119259,8.017422,1

Enter Tracking thread

VPSFusionLogic::_initialize

Find Image

0.0592968,0.06876469,0.9958692,0,-0.018715743,0.99752575,-0.06776469,0,-0.998065,-0.014620195,0.060437072,0,2.6104343,-11.900238,8.23577,1

Enter Tracking thread

VPSFusionLogic::_initialize

Enter Tracking thread

VPSFusionLogic::_initialize

Find Image

0.06445127,0.048859686,0.99672407,0,-0.016747754,0.99871296,-0.04787422,0,-0.9977803,-0.013607333,0.065186605,0,2.604515,-12.119259,8.017422,1

Find Image

0.13537644,0.1396062,0.98090947,0,0.004301934,0.9899312,-0.14148392,0,-0.99078494,0.023373403,0.1334128,0,2.8305047,-11.196712,8.848,1

Find Image

0.24206354,0.18284325,0.95287645,0,-0.01193555,0.98257005,-0.18550898,0,-0.970187,0.033531852,0.24002673,0,3.818962,-10.951,8.927104,1

Enter Tracking thread

VPSFusionLogic::_initialize

Find Image

0.064318605,0.071399264,0.99537194,0,-0.026415415,0.9972095,-0.069824174,0,-0.9975798,-0.021802165,0.06602517,0,2.6817474,-11.88251,8.304199,1

Find Image

0.13366704,0.14005513,0.9810799,0,0.0049359826,0.98985714,-0.14198065,0,-0.991014,0.023820726,0.13161995,0,2.8223634,-11.182874,8.87251,1

Find Image

0.24026057,0.18046635,0.95378554,0,-0.013525548,0.9830934,-0.1826046,0,-0.9706142,0.030972218,0.23863947,0,3.8301477,-10.921878,8.835365,1

Enter Tracking thread

VPSFusionLogic::_initialize

Find Image

0.23865828,0.1912934,0.9520762,0,-0.008982706,0.9807993,-0.19481282,0,-0.9710621,0.03794148,0.2357942,0,3.7640755,-10.854144,9.044788,1

Enter Tracking thread

VPSFusionLogic::_initialize

Find Image

0.06502593,0.08565831,0.9942004,0,-0.026043454,0.99611527,-0.084119916,0,-0.9975437,-0.020422429,0.06700417,0,2.6666968,-11.7414255,8.426504,1

Find Image

0.16705665,0.14972803,0.97451204,0,-0.013889306,0.988661,-0.14952096,0,-0.9858495,0.011443182,0.167242,0,3.2345514,-10.956124,8.691288,1

Enter Tracking thread

VPSFusionLogic::_initialize

Find Image

0.24259983,0.09587728,0.9653771,0,-0.021106593,0.9953905,-0.09355399,0,-0.96989685,0.0023203634,0.2435052,0,3.9871593,-11.683221,7.9252257,1

Enter Tracking thread

VPSFusionLogic::_initialize

Find Image

0.15005995,0.26324105,0.952988,0,-0.030795895,0.9646792,-0.26162127,0,-0.9881972,0.009910768,0.15286647,0,3.3371525,-10.009664,9.992971,1

Enter Tracking thread

VPSFusionLogic::_initialize

Find Image

0.067515016,0.10806654,0.99184847,0,-0.02192921,0.99403733,-0.106812306,0,-0.9974773,-0.014539015,0.06948226,0,2.6494532,-11.571998,8.659339,1

Enter Tracking thread

VPSFusionLogic::_initialize

Find Image

0.10550763,-0.05396241,0.9929533,0,-0.006673671,0.99846566,0.054971103,0,-0.99439615,-0.012426516,0.10498562,0,2.7592473,-12.877571,6.621061,1

Find Image

0.19557764,0.18341391,0.96338403,0,-0.023138046,0.98294455,-0.18244067,0,-0.9804152,0.013390494,0.19648582,0,3.5659626,-10.583253,8.943694,1

Find Image

0.24214655,0.18237843,0.95294446,0,-0.011148874,0.98263246,-0.18522727,0,-0.9701756,0.034227885,0.23997438,0,3.8224466,-10.935102,8.915648,1

Enter Tracking thread

VPSFusionLogic::_initialize

Find Image

0.0592968,0.06876469,0.9958692,0,-0.018715743,0.99752575,-0.06776469,0,-0.998065,-0.014620195,0.060437072,0,2.6104343,-11.900238,8.23577,1

Enter Tracking thread

VPSFusionLogic::_initialize

Find Image

0.06299733,0.09064711,0.9938885,0,-0.023824185,0.99571943,-0.08930401,0,-0.9977293,-0.018052671,0.06488726,0,2.6427655,-11.752366,8.472909,1

Find Image

0.13630705,0.13944164,0.980804,0,0.0016598061,0.99001086,-0.14098127,0,-0.9906653,0.020844692,0.134714,0,2.8491945,-11.191938,8.85197,1

Find Image

0.24122362,0.18199058,0.9532527,0,-0.009103145,0.9826403,-0.18529755,0,-0.9704269,0.036020555,0.23869273,0,3.7995732,-10.954276,8.917695,1

Enter Tracking thread

VPSFusionLogic::_initialize

Find Image

0.06395784,0.07145385,0.9953913,0,-0.02127277,0.9973044,-0.070224315,0,-0.9977259,-0.016683329,0.06530546,0,2.623757,-11.895539,8.218438,1

Find Image

0.13602385,0.14229882,0.98043287,0,-0.014758012,0.98981214,-0.14161262,0,-0.9905957,0.004793459,0.1367381,0,3.0587249,-11.203329,8.89802,1

Find Image

0.24122737,0.18238947,0.9531755,0,-0.012529021,0.982684,-0.1848651,0,-0.9703878,0.032652177,0.23933546,0,3.8302376,-10.941588,8.969272,1

Enter Tracking thread

VPSFusionLogic::_initialize

Find Image

0.06461677,0.11145056,0.991667,0,-0.024582371,0.99362,-0.11006827,0,-0.99760735,-0.017265271,0.066944234,0,2.8537102,-11.134802,8.696144,1

Enter Tracking thread

VPSFusionLogic::_initialize

Find Image

0.07263358,0.108567774,0.9914321,0,-0.033423323,0.9937642,-0.10637453,0,-0.9967985,-0.025410583,0.075809345,0,2.7202313,-11.002788,8.645963,1

Enter Tracking thread

VPSFusionLogic::_initialize

Find Image

0.1274342,-0.06427648,0.9897622,0,-0.0010454454,0.9978887,0.06493883,0,-0.9918465,-0.009310173,0.12709795,0,2.8504477,-12.938442,6.438543,1

Find Image

0.19356662,0.1848487,0.96351594,0,-0.023709148,0.9826846,-0.18376309,0,-0.9808007,0.01272627,0.19459754,0,3.5997355,-10.582039,9.104967,1

Find Image

0.24547651,0.1827833,0.9520145,0,-0.00912505,0.98245525,-0.18627495,0,-0.96935964,0.037038952,0.24283761,0,3.7830267,-10.950817,8.852969,1

Enter Tracking thread

VPSFusionLogic::_initialize

Find Image

0.06852938,0.108362794,0.9917466,0,-0.02511484,0.9939559,-0.106868766,0,-0.997333,-0.0175839,0.07083669,0,2.680358,-11.564129,8.626904,1

Find Image

0.1924345,0.18408923,0.9638881,0,-0.023150263,0.9828247,-0.18308404,0,-0.9810368,0.012917439,0.19339108,0,3.608361,-10.575952,9.077454,1

Find Image

0.24070615,0.18347204,0.9530994,0,-0.013118222,0.9824966,-0.18581799,0,-0.9705094,0.032224562,0.2388998,0,3.8462589,-10.95092,8.939588,1

Enter Tracking thread

VPSFusionLogic::_initialize

Find Image

0.07571304,-0.008668751,0.997092,0,-0.011009272,0.99989396,0.009529089,0,-0.9970689,-0.011698733,0.07560957,0,2.5889013,-12.534697,7.238333,1

Enter Tracking thread

VPSFusionLogic::_initialize

Find Image

0.12888037,-0.064697474,0.98954743,0,-0.0022555375,0.9978478,0.06553392,0,-0.9916576,-0.010677999,0.12845707,0,2.8639078,-12.920764,6.339233,1

Enter Tracking thread

VPSFusionLogic::_initialize

Find Image

0.08061885,-0.036160365,0.9960889,0,-0.005606673,0.9993095,0.036731057,0,-0.99672925,-0.008545962,0.08036044,0,2.5994713,-12.703605,6.8586535,1

Find Image

0.13543966,0.13890523,0.98100024,0,-0.0012005569,0.9901459,-0.14003447,0,-0.9907849,0.017788477,0.13427179,0,2.8833342,-11.167419,8.809536,1

Find Image

0.24116969,0.18465103,0.95275456,0,-0.010037851,0.9821544,-0.18780808,0,-0.9704311,0.03573002,0.23871939,0,3.8156204,-10.956886,8.986029,1

Enter Tracking thread

VPSFusionLogic::_initialize

Find Image

0.06470621,0.08764545,0.99404806,0,-0.024061322,0.99598294,-0.08624981,0,-0.99761426,-0.018337205,0.06655514,0,2.6560128,-11.754317,8.407503,1

Enter Tracking thread

VPSFusionLogic::_initialize

Find Image

0.06502593,0.08565831,0.9942004,0,-0.026043454,0.99611527,-0.084119916,0,-0.9975437,-0.020422429,0.06700417,0,2.6666968,-11.7414255,8.426504,1

Enter Tracking thread

VPSFusionLogic::_initialize

Find Image

0.08668224,-0.03276576,0.9956971,0,-0.010874615,0.9993683,0.033833284,0,-0.99617666,-0.013760568,0.08627117,0,2.6256099,-12.691142,6.8121758,1

Enter Tracking thread

VPSFusionLogic::_initialize

Find Image

0.20036992,-0.027458627,0.9793355,0,0.007973513,0.9996198,0.026395995,0,-0.9796879,0.002519778,0.20051268,0,3.3371022,-12.665197,6.6341653,1

Enter Tracking thread

VPSFusionLogic::_initialize

Find Image

0.06618386,0.045373145,0.9967753,0,-0.018873481,0.9988438,-0.04421414,0,-0.997629,-0.015886355,0.06696368,0,2.6179852,-12.078113,7.8342605,1

Enter Tracking thread

VPSFusionLogic::_initialize

Find Image

0.23377123,0.20653404,0.9501025,0,-0.013455977,0.9777721,-0.20923808,0,-0.97219855,0.036129292,0.23135412,0,3.7635956,-10.724816,9.200421,1

Enter Tracking thread

VPSFusionLogic::_initialize

Find Image

0.06454657,0.08498622,0.99428934,0,-0.025957959,0.9961728,-0.0834621,0,-0.9975771,-0.02042252,0.0665056,0,2.6633344,-11.739752,8.413597,1

Find Image

0.13725048,0.14054514,0.9805149,0,-0.009603494,0.990025,-0.14056404,0,-0.99048984,0.009876117,0.13723113,0,3.0044367,-11.192781,8.782623,1

Find Image

0.24019091,0.18402998,0.9531219,0,-0.013530305,0.98240465,-0.18627425,0,-0.9706314,0.03184536,0.23845464,0,3.838976,-10.940253,8.97968,1

Enter Tracking thread

VPSFusionLogic::_initialize

Find Image

0.12688296,0.1589685,0.9790964,0,-0.03307896,0.9872033,-0.15599799,0,-0.99136597,-0.012594004,0.13051778,0,3.1967447,-11.096494,8.976809,1

Enter Tracking thread

VPSFusionLogic::_initialize

Find Image

0.065880515,0.08694075,0.9940328,0,-0.02784632,0.9959691,-0.08526457,0,-0.9974389,-0.022062875,0.06803594,0,2.6823926,-11.738744,8.365506,1

Enter Tracking thread

VPSFusionLogic::_initialize

Find Image

0.19425507,0.36376107,0.911012,0,-0.047835603,0.9311107,-0.36158636,0,-0.9797841,0.026661184,0.19827369,0,3.9138334,-8.874002,10.876676,1

Find Image

0.16419695,0.14855514,0.97517735,0,-0.012039568,0.98882306,-0.14860672,0,-0.9863541,0.012660064,0.16415028,0,3.24453,-10.988893,8.81225,1

Enter Tracking thread

VPSFusionLogic::_initialize

Find Image

0.23377123,0.20653404,0.9501025,0,-0.013455977,0.9777721,-0.20923808,0,-0.97219855,0.036129292,0.23135412,0,3.7635956,-10.724816,9.200421,1

Find Image

0.16030656,0.117136955,0.9800922,0,-0.018105783,0.9931154,-0.11573201,0,-0.9869012,0.00080726563,0.16132377,0,3.2366428,-11.46368,8.371182,1

Enter Tracking thread

VPSFusionLogic::_initialize

Find Image

0.11035307,0.23477483,0.96576554,0,-0.035703238,0.9720094,-0.2322131,0,-0.993251,-0.008855517,0.115646444,0,3.1084845,-10.268746,9.904267,1

Enter Tracking thread

VPSFusionLogic::_initialize

Find Image

0.06502593,0.08565831,0.9942004,0,-0.026043454,0.99611527,-0.084119916,0,-0.9975437,-0.020422429,0.06700417,0,2.6666968,-11.7414255,8.426504,1

Enter Tracking thread

VPSFusionLogic::_initialize

Find Image

0.08061885,-0.036160365,0.9960889,0,-0.005606673,0.9993095,0.036731057,0,-0.99672925,-0.008545962,0.08036044,0,2.5994713,-12.703605,6.8586535,1

Enter Tracking thread

VPSFusionLogic::_initialize

Find Image

0.06502593,0.08565831,0.9942004,0,-0.026043454,0.99611527,-0.084119916,0,-0.9975437,-0.020422429,0.06700417,0,2.6666968,-11.7414255,8.426504,1

Enter Tracking thread

VPSFusionLogic::_initialize

Find Image

0.22710136,0.00036165904,0.9738711,0,-0.0031086402,0.9999951,0.0003535573,0,-0.97386616,-0.0031077082,0.22710137,0,3.5307748,-12.407731,6.661146,1

Find Image

0.24183694,0.18292691,0.952918,0,-0.0155026065,0.98267186,-0.18470427,0,-0.9701931,0.029895607,0.2404822,0,3.8573287,-10.956057,8.944163,1

Enter Tracking thread

VPSFusionLogic::_initialize

Enter Tracking thread

VPSFusionLogic::_initialize

Find Image

0.06461677,0.11145056,0.991667,0,-0.024582371,0.99362,-0.11006827,0,-0.99760735,-0.017265271,0.066944234,0,2.8537102,-11.134802,8.696144,1

Enter Tracking thread

VPSFusionLogic::_initialize

Find Image

0.06502593,0.08565831,0.9942004,0,-0.026043454,0.99611527,-0.084119916,0,-0.9975437,-0.020422429,0.06700417,0,2.6666968,-11.7414255,8.426504,1

Enter Tracking thread

VPSFusionLogic::_initialize

Find Image

0.067515016,0.10806654,0.99184847,0,-0.02192921,0.99403733,-0.106812306,0,-0.9974773,-0.014539015,0.06948226,0,2.6494532,-11.571998,8.659339,1

Find Image

0.24112612,0.18416798,0.95285904,0,-0.011691578,0.9823091,-0.18690147,0,-0.9704234,0.033926405,0.2390136,0,3.8312109,-10.968588,8.997054,1

Enter Tracking thread

VPSFusionLogic::_initialize

Find Image

0.1944352,0.36357343,0.9110485,0,-0.04829547,0.9311956,-0.3613064,0,-0.9797258,0.026251176,0.19861615,0,3.9113448,-8.869821,10.884563,1

Find Image

0.1639048,0.1548391,0.97424847,0,-0.013705267,0.98786676,-0.15469775,0,-0.986381,0.0120033715,0.16403821,0,3.269622,-10.999301,8.908572,1

Find Image

0.2501489,0.15517466,0.95569164,0,-0.014089227,0.9875521,-0.15666002,0,-0.9681049,0.025723385,0.24922135,0,3.6505947,-10.298767,8.524523,1

Enter Tracking thread

VPSFusionLogic::_initialize

Find Image

0.2394651,0.19137773,0.9518567,0,-0.011475555,0.98087025,-0.19432415,0,-0.9708372,0.035610776,0.23708037,0,3.8006346,-10.856362,9.061142,1

Enter Tracking thread

VPSFusionLogic::_initialize

Find Image

0.06847261,0.107297026,0.9918664,0,-0.02300232,0.9941052,-0.10595128,0,-0.9973879,-0.015560459,0.07053705,0,2.6567106,-11.573996,8.682612,1

Enter Tracking thread

VPSFusionLogic::_initialize

Enter Tracking thread

VPSFusionLogic::_initialize

Find Image

0.067515016,0.10806654,0.99184847,0,-0.02192921,0.99403733,-0.106812306,0,-0.9974773,-0.014539015,0.06948226,0,2.6494532,-11.571998,8.659339,1

Enter Tracking thread

VPSFusionLogic::_initialize

Enter Tracking thread

VPSFusionLogic::_initialize

Enter Tracking thread

VPSFusionLogic::_initialize

Find Image

0.12756686,-0.06186305,0.9898988,0,0.000871366,0.9980595,0.062260758,0,-0.99182963,-0.0070798458,0.12737322,0,2.8295245,-12.936895,6.3956194,1

Enter Tracking thread

VPSFusionLogic::_initialize

Find Image

0.070558354,0.046958867,0.9964018,0,-0.023907032,0.998684,-0.045373492,0,-0.9972212,-0.020619527,0.07158814,0,2.6705065,-12.068611,7.856404,1

Enter Tracking thread

VPSFusionLogic::_initialize

Find Image

0.2441666,0.07886175,0.9665213,0,-0.018812347,0.9968854,-0.076586805,0,-0.96955085,0.00051740714,0.2448897,0,3.944841,-11.806458,7.7168374,1

Enter Tracking thread

VPSFusionLogic::_initialize

Find Image

0.063302524,0.0849509,0.99437225,0,-0.022471871,0.9962393,-0.083679825,0,-0.9977414,-0.017048258,0.064973466,0,2.627,-11.745378,8.367427,1

Enter Tracking thread

VPSFusionLogic::_initialize

Find Image

0.24469578,0.080741376,0.96623224,0,-0.015797794,0.9967265,-0.07928882,0,-0.9694712,0.0041373004,0.24517031,0,3.92732,-11.822678,7.816509,1

Find Image

0.19524151,0.18631813,0.9628948,0,-0.02421379,0.98240554,-0.18518372,0,-0.98045623,0.012840217,0.1963178,0,3.5918553,-10.566272,9.020313,1

Find Image

0.13160959,0.14044781,0.9813019,0,0.00010907689,0.9899104,-0.14169453,0,-0.99130166,0.0187554,0.13026638,0,2.9216175,-11.2211275,8.909107,1

Enter Tracking thread

VPSFusionLogic::_initialize

Find Image

0.089692906,-0.026654676,0.9956128,0,-0.014690254,0.99949765,0.028082103,0,-0.9958612,-0.01714457,0.08925629,0,2.6704946,-12.708171,6.9342356,1

Enter Tracking thread

VPSFusionLogic::_initialize

Find Image

0.19981024,0.2421734,0.9494356,0,-0.022474365,0.96985316,-0.24265157,0,-0.9795768,0.027146306,0.19922929,0,3.6367917,-10.272771,9.717502,1

Enter Tracking thread

VPSFusionLogic::_initialize

Find Image

0.16394238,0.14916652,0.9751268,0,-0.010799449,0.98871344,-0.14942925,0,-0.9864108,0.013966956,0.16370295,0,3.2262425,-10.999108,8.887919,1

Enter Tracking thread

VPSFusionLogic::_initialize

Find Image

0.0677144,0.028969508,0.9972841,0,-0.014976075,0.99949527,-0.028016882,0,-0.99759233,-0.013038254,0.06811407,0,2.5914807,-12.232719,7.662314,1

Enter Tracking thread

VPSFusionLogic::_initialize

Find Image

0.1957703,0.34696072,0.9172199,0,-0.047361545,0.93757224,-0.34455073,0,-0.9795054,0.02401185,0.19998139,0,3.9241233,-9.09466,10.701408,1

Find Image

0.1343224,0.13857368,0.98120075,0,0.0033507831,0.9901048,-0.1402899,0,-0.99093205,0.022131871,0.13252892,0,2.8444326,-11.189355,8.825293,1

Enter Tracking thread

VPSFusionLogic::_initialize

Find Image

0.07792465,0.13834462,0.98731387,0,-0.024346417,0.99029386,-0.13684063,0,-0.99666196,-0.013374288,0.08053649,0,2.7506022,-11.281453,9.000949,1

Enter Tracking thread

VPSFusionLogic::_initialize

Find Image

0.077422775,0.13849632,0.987332,0,-0.022557905,0.9902944,-0.13714296,0,-0.99674314,-0.011654153,0.07979553,0,2.7383184,-11.265137,9.006142,1

Enter Tracking thread

VPSFusionLogic::_initialize

Find Image

0.23377123,0.20653404,0.9501025,0,-0.013455977,0.9777721,-0.20923808,0,-0.97219855,0.036129292,0.23135412,0,3.7635956,-10.724816,9.200421,1

VPSSDK Version : 0.9.0

Enter Tracking thread

Enter Tracking thread

Enter Tracking thread

Enter Tracking thread

Enter Tracking thread

Enter Tracking thread

Enter Tracking thread

Enter Tracking thread

Enter Tracking thread

Enter Tracking thread

Enter Tracking thread

Enter Tracking thread

Enter Tracking thread

deviceName : HD Webcam, deviceModel : 

Enter Tracking thread

VPSFusionLogic::_initialize

Find Image

0.23868108,0.19172134,0.9519844,0,-0.01196912,0.9808239,-0.19452846,0,-0.9710242,0.035035845,0.23639882,0,3.803542,-10.856378,9.031957,1

Enter Tracking thread

VPSFusionLogic::_initialize

Find Image

0.2394651,0.19137773,0.9518567,0,-0.011475555,0.98087025,-0.19432415,0,-0.9708372,0.035610776,0.23708037,0,3.8006346,-10.856362,9.061142,1

Enter Tracking thread

VPSFusionLogic::_initialize

Find Image

0.23886883,0.1917823,0.95192504,0,-0.012665382,0.9808349,-0.19442856,0,-0.97096926,0.034386434,0.23671989,0,3.8067644,-10.856075,9.081096,1

Enter Tracking thread

VPSFusionLogic::_initialize

Find Image

0.23990066,0.1911407,0.95179456,0,-0.013215226,0.98097765,-0.19367038,0,-0.9707075,0.03388347,0.23786317,0,3.787963,-10.836198,8.983029,1

Enter Tracking thread

VPSFusionLogic::_initialize

Find Image

0.23876579,0.19378763,0.9515447,0,-0.013796344,0.98046374,-0.19621535,0,-0.97097915,0.033721674,0.23677476,0,3.8305748,-10.84916,9.089487,1

Enter Tracking thread

VPSFusionLogic::_initialize

Enter Tracking thread

VPSFusionLogic::_initialize

Find Image

0.2394651,0.19137773,0.9518567,0,-0.011475555,0.98087025,-0.19432415,0,-0.9708372,0.035610776,0.23708037,0,3.8006346,-10.856362,9.061142,1

Enter Tracking thread

VPSFusionLogic::_initialize

Find Image

0.23726879,0.19400199,0.9518754,0,-0.012003198,0.98036677,-0.19681685,0,-0.9713699,0.035272952,0.2349391,0,3.7910488,-10.857607,9.042967,1

Enter Tracking thread

VPSFusionLogic::_initialize

Find Image

0.23849101,0.19291173,0.9517916,0,-0.011908671,0.980579,-0.1957625,0,-0.9710717,0.035353035,0.23615661,0,3.8105133,-10.847897,9.090392,1

Enter Tracking thread

VPSFusionLogic::_initialize

Find Image

0.23982455,0.19324817,0.9513882,0,-0.012374227,0.98051673,-0.19604556,0,-0.9707374,0.035243854,0.23754327,0,3.7876134,-10.878199,8.969578,1

Enter Tracking thread

VPSFusionLogic::_initialize

Find Image

0.23748699,0.191887,0.95224965,0,-0.012856247,0.9808302,-0.19443996,0,-0.97130567,0.03393461,0.23540135,0,3.7949946,-10.829489,8.9870825,1

Enter Tracking thread

VPSFusionLogic::_initialize

Find Image

0.2394651,0.19137773,0.9518567,0,-0.011475555,0.98087025,-0.19432415,0,-0.9708372,0.035610776,0.23708037,0,3.8006346,-10.856362,9.061142,1

Enter Tracking thread

VPSFusionLogic::_initialize

Find Image

0.23843478,0.19217786,0.9519541,0,-0.012227472,0.98074156,-0.1949268,0,-0.97108155,0.034837347,0.23619275,0,3.8109148,-10.832188,9.040013,1

Enter Tracking thread

VPSFusionLogic::_initialize

Find Image

0.23628815,0.19244984,0.9524343,0,-0.0048055877,0.98040974,-0.19691038,0,-0.97167116,0.04195059,0.23258403,0,3.7287052,-10.863947,9.076629,1

Enter Tracking thread

VPSFusionLogic::_initialize

Find Image

0.2394651,0.19137773,0.9518567,0,-0.011475555,0.98087025,-0.19432415,0,-0.9708372,0.035610776,0.23708037,0,3.8006346,-10.856362,9.061142,1

Enter Tracking thread

VPSFusionLogic::_initialize

Find Image

0.2394651,0.19137773,0.9518567,0,-0.011475555,0.98087025,-0.19432415,0,-0.9708372,0.035610776,0.23708037,0,3.8006346,-10.856362,9.061142,1

Enter Tracking thread

VPSFusionLogic::_initialize

Find Image

0.23945321,0.18999305,0.952137,0,-0.013607254,0.981227,-0.19237569,0,-0.97081256,0.03310901,0.23754324,0,3.7993927,-10.83966,8.989994,1

Enter Tracking thread

VPSFusionLogic::_initialize

Find Image

0.2394651,0.19137773,0.9518567,0,-0.011475555,0.98087025,-0.19432415,0,-0.9708372,0.035610776,0.23708037,0,3.8006346,-10.856362,9.061142,1

Enter Tracking thread

VPSFusionLogic::_initialize

Find Image

0.23815079,0.1920876,0.9520434,0,-0.012711409,0.98077935,-0.19470577,0,-0.97114503,0.03426753,0.23601508,0,3.8270535,-10.84746,9.06509,1

Enter Tracking thread

VPSFusionLogic::_initialize

Find Image

0.23377123,0.20653404,0.9501025,0,-0.013455977,0.9777721,-0.20923808,0,-0.97219855,0.036129292,0.23135412,0,3.7635956,-10.724816,9.200421,1

Enter Tracking thread

VPSFusionLogic::_initialize

Enter Tracking thread

VPSFusionLogic::_initialize

Enter Tracking thread

VPSFusionLogic::_initialize

Find Image

0.23659742,0.19208431,0.95243126,0,-0.011589355,0.9807513,-0.19491689,0,-0.97153866,0.03507877,0.23426935,0,3.8116066,-10.851779,9.097069,1

Enter Tracking thread

VPSFusionLogic::_initialize

Find Image

0.2394651,0.19137773,0.9518567,0,-0.011475555,0.98087025,-0.19432415,0,-0.9708372,0.035610776,0.23708037,0,3.8006346,-10.856362,9.061142,1

Enter Tracking thread

VPSFusionLogic::_initialize

Find Image

0.2394651,0.19137773,0.9518567,0,-0.011475555,0.98087025,-0.19432415,0,-0.9708372,0.035610776,0.23708037,0,3.8006346,-10.856362,9.061142,1

Enter Tracking thread

VPSFusionLogic::_initialize

Find Image

0.2394651,0.19137773,0.9518567,0,-0.011475555,0.98087025,-0.19432415,0,-0.9708372,0.035610776,0.23708037,0,3.8006346,-10.856362,9.061142,1

Enter Tracking thread

VPSFusionLogic::_initialize

Find Image

0.23886883,0.1917823,0.95192504,0,-0.012665382,0.9808349,-0.19442856,0,-0.97096926,0.034386434,0.23671989,0,3.8067644,-10.856075,9.081096,1

Enter Tracking thread

VPSFusionLogic::_initialize

Find Image

0.23886883,0.1917823,0.95192504,0,-0.012665382,0.9808349,-0.19442856,0,-0.97096926,0.034386434,0.23671989,0,3.8067644,-10.856075,9.081096,1

Enter Tracking thread

VPSFusionLogic::_initialize

Find Image

0.23861843,0.19501333,0.95133126,0,-0.012465116,0.9801637,-0.19779713,0,-0.97103345,0.0353396,0.236316,0,3.796764,-10.862559,9.051414,1

Enter Tracking thread

VPSFusionLogic::_initialize

Find Image

0.2394651,0.19137773,0.9518567,0,-0.011475555,0.98087025,-0.19432415,0,-0.9708372,0.035610776,0.23708037,0,3.8006346,-10.856362,9.061142,1

Enter Tracking thread

VPSFusionLogic::_initialize

Find Image

0.2394651,0.19137773,0.9518567,0,-0.011475555,0.98087025,-0.19432415,0,-0.9708372,0.035610776,0.23708037,0,3.8006346,-10.856362,9.061142,1

Enter Tracking thread

VPSFusionLogic::_initialize

Find Image

0.10298422,0.16786468,0.9804161,0,-0.027023273,0.98576516,-0.16594198,0,-0.99431586,-0.009404642,0.10605451,0,2.9615626,-11.0152855,9.24836,1

Enter Tracking thread

VPSFusionLogic::_initialize

Find Image

0.23886883,0.1917823,0.95192504,0,-0.012665382,0.9808349,-0.19442856,0,-0.97096926,0.034386434,0.23671989,0,3.8067644,-10.856075,9.081096,1

Enter Tracking thread

VPSFusionLogic::_initialize

Find Image

0.2394651,0.19137773,0.9518567,0,-0.011475555,0.98087025,-0.19432415,0,-0.9708372,0.035610776,0.23708037,0,3.8006346,-10.856362,9.061142,1

Enter Tracking thread

VPSFusionLogic::_initialize

Find Image

0.2394651,0.19137773,0.9518567,0,-0.011475555,0.98087025,-0.19432415,0,-0.9708372,0.035610776,0.23708037,0,3.8006346,-10.856362,9.061142,1

Enter Tracking thread

VPSFusionLogic::_initialize

Find Image

0.23886883,0.1917823,0.95192504,0,-0.012665382,0.9808349,-0.19442856,0,-0.97096926,0.034386434,0.23671989,0,3.8067644,-10.856075,9.081096,1

Enter Tracking thread

VPSFusionLogic::_initialize

Find Image

0.23886883,0.1917823,0.95192504,0,-0.012665382,0.9808349,-0.19442856,0,-0.97096926,0.034386434,0.23671989,0,3.8067644,-10.856075,9.081096,1

Enter Tracking thread

VPSFusionLogic::_initialize

Find Image

0.23861843,0.19501333,0.95133126,0,-0.012465116,0.9801637,-0.19779713,0,-0.97103345,0.0353396,0.236316,0,3.796764,-10.862559,9.051414,1

Enter Tracking thread

VPSFusionLogic::_initialize

Find Image

0.23861843,0.19501333,0.95133126,0,-0.012465116,0.9801637,-0.19779713,0,-0.97103345,0.0353396,0.236316,0,3.796764,-10.862559,9.051414,1

Enter Tracking thread

VPSFusionLogic::_initialize

Find Image

0.2394651,0.19137773,0.9518567,0,-0.011475555,0.98087025,-0.19432415,0,-0.9708372,0.035610776,0.23708037,0,3.8006346,-10.856362,9.061142,1

Enter Tracking thread

VPSFusionLogic::_initialize

Find Image

0.2401331,0.19223124,0.9515163,0,-0.010417537,0.9806507,-0.1954881,0,-0.9706841,0.037030708,0.23748928,0,3.7766438,-10.848551,8.994295,1

Enter Tracking thread

VPSFusionLogic::_initialize

Find Image

0.23779672,0.19399936,0.9517442,0,-0.013786824,0.98042667,-0.1964012,0,-0.9712171,0.03358203,0.2358169,0,3.8350136,-10.84851,9.11167,1

Enter Tracking thread

VPSFusionLogic::_initialize

Find Image

0.23332606,0.20386422,0.9507883,0,-0.011831533,0.97829914,-0.2068595,0,-0.9723266,0.037016433,0.2306747,0,3.7592993,-10.720786,9.150019,1

Enter Tracking thread

VPSFusionLogic::_initialize

Find Image

0.2394651,0.19137773,0.9518567,0,-0.011475555,0.98087025,-0.19432415,0,-0.9708372,0.035610776,0.23708037,0,3.8006346,-10.856362,9.061142,1

Enter Tracking thread

VPSFusionLogic::_initialize

Find Image

0.2394651,0.19137773,0.9518567,0,-0.011475555,0.98087025,-0.19432415,0,-0.9708372,0.035610776,0.23708037,0,3.8006346,-10.856362,9.061142,1

Enter Tracking thread

VPSFusionLogic::_initialize

Find Image

0.10759508,-0.054491762,0.99270034,0,-0.00678554,0.9984333,0.055541918,0,-0.9941717,-0.012712046,0.10705675,0,2.7598,-12.843463,6.4792128,1

Enter Tracking thread

VPSFusionLogic::_initialize

Find Image

0.23886883,0.1917823,0.95192504,0,-0.012665382,0.9808349,-0.19442856,0,-0.97096926,0.034386434,0.23671989,0,3.8067644,-10.856075,9.081096,1

Enter Tracking thread

VPSFusionLogic::_initialize

Find Image

0.2394651,0.19137773,0.9518567,0,-0.011475555,0.98087025,-0.19432415,0,-0.9708372,0.035610776,0.23708037,0,3.8006346,-10.856362,9.061142,1

Enter Tracking thread

VPSFusionLogic::_initialize

Find Image

0.2394651,0.19137773,0.9518567,0,-0.011475555,0.98087025,-0.19432415,0,-0.9708372,0.035610776,0.23708037,0,3.8006346,-10.856362,9.061142,1

Enter Tracking thread

VPSFusionLogic::_initialize

Find Image

0.2394651,0.19137773,0.9518567,0,-0.011475555,0.98087025,-0.19432415,0,-0.9708372,0.035610776,0.23708037,0,3.8006346,-10.856362,9.061142,1

Enter Tracking thread

VPSFusionLogic::_initialize

Find Image

0.23967476,0.19352245,0.9513701,0,-0.01239301,0.98046196,-0.19631803,0,-0.9707742,0.035262145,0.23739031,0,3.7962635,-10.864668,9.049507,1

Enter Tracking thread

VPSFusionLogic::_initialize

Find Image

0.23886883,0.1917823,0.95192504,0,-0.012665382,0.9808349,-0.19442856,0,-0.97096926,0.034386434,0.23671989,0,3.8067644,-10.856075,9.081096,1

Enter Tracking thread

VPSFusionLogic::_initialize

Find Image

0.23768957,0.1927275,0.9520293,0,-0.010498864,0.98057085,-0.1958842,0,-0.97128445,0.036564406,0.23509488,0,3.7904487,-10.854757,9.071049,1

Enter Tracking thread

VPSFusionLogic::_initialize

Find Image

0.2394651,0.19137773,0.9518567,0,-0.011475555,0.98087025,-0.19432415,0,-0.9708372,0.035610776,0.23708037,0,3.8006346,-10.856362,9.061142,1

Enter Tracking thread

VPSFusionLogic::_initialize

Enter Tracking thread

VPSFusionLogic::_initialize

Find Image

0.17077452,0.097758375,0.9804486,0,-0.025203949,0.99517375,-0.09483657,0,-0.98498774,-0.008515502,0.17241421,0,3.4593384,-11.725007,8.183938,1

Enter Tracking thread

VPSFusionLogic::_initialize

Find Image

0.11482275,0.2448364,0.9627414,0,-0.03198999,0.96955997,-0.24275513,0,-0.9928708,-0.0029242628,0.11915986,0,3.1185892,-10.221491,10.015293,1

Find Image

0.24049708,0.18212289,0.9534109,0,-0.009869956,0.9826479,-0.18521811,0,-0.9705997,0.035134293,0.2381215,0,3.8282533,-10.944916,8.972714,1

Enter Tracking thread

VPSFusionLogic::_initialize

Find Image

0.12837246,-0.06417944,0.9896472,0,0.0024316732,0.99792117,0.0644006,0,-0.99172306,-0.0058607664,0.12826166,0,2.794019,-12.927603,6.3360367,1

Enter Tracking thread

VPSFusionLogic::_initialize

Find Image

0.23927104,0.19437973,0.951297,0,-0.008655416,0.9801442,-0.19809711,0,-0.9709143,0.039165042,0.23620255,0,3.7602289,-10.862081,9.086702,1

Enter Tracking thread

VPSFusionLogic::_initialize

Find Image

0.23774813,0.19373935,0.9518093,0,-0.013786349,0.9804806,-0.19613174,0,-0.971229,0.03350798,0.23577839,0,3.817253,-10.850679,9.091968,1

Find Image

0.19133307,0.21062675,0.9586595,0,-0.025705032,0.97744423,-0.20962362,0,-0.98118854,0.015465566,0.19243157,0,3.6552203,-10.893044,9.077694,1

Find Image

0.2422866,0.18378054,0.9526395,0,-0.010867598,0.9823478,-0.1867478,0,-0.9701439,0.0348936,0.24000694,0,3.813243,-10.95348,8.967267,1

VPSSDK Version : 0.9.0

Enter Tracking thread

Enter Tracking thread

Enter Tracking thread

Enter Tracking thread

Enter Tracking thread

Enter Tracking thread

Enter Tracking thread

deviceName : HD Webcam, deviceModel : 

Enter Tracking thread

VPSFusionLogic::_initialize

Find Image

0.06353231,0.06917964,0.9955792,0,-0.02085445,0.9974687,-0.067980126,0,-0.9977619,-0.01644332,0.06481419,0,2.6262937,-11.891903,8.157364,1

Enter Tracking thread

VPSFusionLogic::_initialize

Find Image

0.23375084,0.20308775,0.9508501,0,-0.012702133,0.9784969,-0.20587009,0,-0.97221357,0.036044482,0.23130411,0,3.7673697,-10.707267,9.193138,1

Enter Tracking thread

VPSFusionLogic::_initialize

Find Image

0.0636266,0.10360311,0.99258155,0,-0.0106406575,0.99461067,-0.10313282,0,-0.99791706,-0.0039997264,0.0643861,0,2.5441716,-11.581253,8.572357,1

Find Image

0.13686812,0.14309034,0.9802002,0,-0.00890917,0.98964995,-0.14322582,0,-0.9905492,0.010870282,0.13672633,0,2.9947903,-11.209533,8.851669,1

Find Image

0.23950337,0.18402134,0.95329654,0,-0.015553524,0.9824746,-0.18574618,0,-0.97077096,0.029659718,0.23816818,0,3.8685038,-10.950233,8.984758,1

Enter Tracking thread

VPSFusionLogic::_initialize

Find Image

0.08996498,0.21920411,0.97152245,0,-0.026784863,0.97565776,-0.21765684,0,-0.9955847,-0.0064406,0.09364638,0,2.8691573,-10.48052,9.867078,1

Enter Tracking thread

VPSFusionLogic::_initialize

Find Image

0.24418324,0.05741977,0.96802765,0,-0.013502607,0.99834996,-0.05581237,0,-0.9696351,0.00055754965,0.24455565,0,3.8709128,-11.965566,7.43013,1

Enter Tracking thread

VPSFusionLogic::_initialize

Find Image

0.078473315,0.14012368,0.9870194,0,-0.024171615,0.99004894,-0.138632,0,-0.9966231,-0.01297894,0.08107944,0,2.7459886,-11.276936,8.986393,1

Enter Tracking thread

VPSFusionLogic::_initialize

Find Image

0.23804204,0.049193323,0.97000825,0,-0.010267317,0.9987882,-0.048133258,0,-0.9712006,0.0014983573,0.23825866,0,3.8195887,-12.1102,7.4880095,1

Find Image

0.16388324,0.1488955,0.9751781,0,-0.011574629,0.9887657,-0.14902495,0,-0.9864118,0.013135363,0.16376553,0,3.248701,-10.9946995,8.826072,1

Enter Tracking thread

VPSFusionLogic::_initialize

Find Image

0.07536318,0.13888314,0.98743707,0,-0.016957277,0.99028844,-0.13798998,0,-0.99701196,-0.006344875,0.076986365,0,2.6923802,-11.304557,9.00016,1

Enter Tracking thread

VPSFusionLogic::_initialize

Find Image

0.068936415,0.10705299,0.99186057,0,-0.02012335,0.99417275,-0.10590393,0,-0.9974181,-0.012658919,0.07068897,0,2.631982,-11.57583,8.666363,1

Find Image

0.1357483,0.14089233,0.98067415,0,-0.011381579,0.98999316,-0.1406557,0,-0.990678,0.007932155,0.13599347,0,3.0285807,-11.203619,8.861358,1

Find Image

0.24199274,0.18166205,0.95312035,0,-0.009731551,0.98272175,-0.18483318,0,-0.97022927,0.03545295,0.23957938,0,3.8055246,-10.954125,8.899819,1

Enter Tracking thread

VPSFusionLogic::_initialize

Find Image

0.2340017,0.20525524,0.95032287,0,-0.012913103,0.9780308,-0.2080601,0,-0.9721505,0.03641481,0.23151135,0,3.772382,-10.719331,9.236056,1

Find Image

0.24125971,0.18248609,0.9531488,0,-0.012665437,0.98266965,-0.18493217,0,-0.970378,0.032544643,0.23938987,0,3.837937,-10.947887,8.952003,1

Find Image

0.13591859,0.14146851,0.98056763,0,-0.011386325,0.9899102,-0.14123811,0,-0.99065465,0.008031831,0.13615799,0,3.0297234,-11.209774,8.848929,1

Find Image

0.24162976,0.18423037,0.9527194,0,-0.010028238,0.9822336,-0.18739425,0,-0.9703167,0.035725933,0.23918438,0,3.8010492,-10.97051,8.948853,1

Enter Tracking thread

